255 255 255 255 255 255 255 255 255 255 255 255 255 255 255 255
255 255 255 255 255 255 255 255 255 255 255 255 255 255 255 255
255 255   0   0   0   0   0   0   0   0   0   0   0   0 255 255
255 255   0   0   0   0   0   0   0   0   0   0   0   0 255 255
255 255   0   0   0   0   0   0   0   0   0   0   0   0 255 255
255 255   0   0   0 252 252 255 254 253 253   0   0   0 255 255
255 255   0   0   0   0 255   1 254 255 255   0   0   0 255 255
255 255   0   0   0   0 255 110 254 254 255   0   0   0 255 255
255 255   0   0   0   0 255 112 254 254 255   0   0   0 255 255
255 255   0   0   0   0 255   2 254 255 255   0   0   0 255 255
255 255   0   0   0 252 254 255 251 254 252   0   0   0 255 255
255 255   0   0   0   0   0   0   0   0   0   0   0   0 255 255
255 255   0   0   0   0   0   0   0   0   0   0   0   0 255 255
255 255   0   0   0   0   0   0   0   0   0   0   0   0 255 255
255 255 255 255 255 255 255 255 255 255 255 255 255 255 255 255
255 255 255 255 255 255 255 255 255 255 255 255 255 255 255 255
255 255 255 255 255 255 255 255 255 255 255 255 255 255 255 255
255 255 255 255 255 255 255 255 255 255 255 255 255 255 255 255
255 255   0   0   0   0   0   0   0   0   0   0   0   0 255 255
255 255   0   0   0   0   0   0   0   0   0   0   0   0 255 255
255 255   0   0   0   0   0   0   0   0   0   0   0   0 255 255
255 255   0   0   0 252 252 255 254 253 253   0   0   0 255 255
255 255   0   0   0   0 255   1 254 255 255   0   0   0 255 255
255 255   0   0   0   0 255 110 254 254 255   0   0   0 255 255
255 255   0   0   0   0 255 112 254 254 255   0   0   0 255 255
255 255   0   0   0   0 255   2 254 255 255   0   0   0 255 255
255 255   0   0   0 252 254 255 251 254 252   0   0   0 255 255
255 255   0   0   0   0   0   0   0   0   0   0   0   0 255 255
255 255   0   0   0   0   0   0   0   0   0   0   0   0 255 255
255 255   0   0   0   0   0   0   0   0   0   0   0   0 255 255
255 255 255 255 255 255 255 255 255 255 255 255 255 255 255 255
255 255 255 255 255 255 255 255 255 255 255 255 255 255 255 255
255 255 255 255 255 255 255 255 255 255 255 255 255 255 255 255
255 255 255 255 255 255 255 255 255 255 255 255 255 255 255 255
255 255   0   0   0   0   0   0   0   0   0   0   0   0 255 255
255 255   0   0   0   0   0   0   0   0   0   0   0   0 255 255
255 255   0   0   0   0   0   0   0   0   0   0   0   0 255 255
255 255   0   0   0 252 252 255 254 253 253   0   0   0 255 255
255 255   0   0   0   0 255   1 254 255 255   0   0   0 255 255
255 255   0   0   0   0 255 110 254 254 255   0   0   0 255 255
255 255   0   0   0   0 255 112 254 254 255   0   0   0 255 255
255 255   0   0   0   0 255   2 254 255 255   0   0   0 255 255
255 255   0   0   0 252 254 255 251 254 252   0   0   0 255 255
255 255   0   0   0   0   0   0   0   0   0   0   0   0 255 255
255 255   0   0   0   0   0   0   0   0   0   0   0   0 255 255
255 255   0   0   0   0   0   0   0   0   0   0   0   0 255 255
255 255 255 255 255 255 255 255 255 255 255 255 255 255 255 255
255 255 255 255 255 255 255 255 255 255 255 255 255 255 255 255

255 255 255 255 255 255 255 255 255 255 255 255 255 255 255 255
255 214 153 153 153 153 153 153 153 153 153 153 153 153 214 255
255 153   0   0   0   0   0   0   0   0   0   0   0   0 153 255
255 153   0   0   0   0   0   0   0   0   0   0   0   0 153 255
255 153   0   0  10  51  51  51  51  51  51  10   0   0 153 255
255 153   0   0  51 221 219 225 241 221 216  51   0   0 153 255
255 153   0   0  51 192 161 146 184 167 186  51   0   0 153 255
255 153   0   0  51 236 172 171 171 172 234  51   0   0 153 255
255 153   0   0  51 250 122 131 132 123 249  51   0   0 153 255
255 153   0   0  51 198 176 255 255 183 193  51   0   0 153 255
255 153   0   0  51 218 128 138 138 129 215  51   0   0 153 255
255 153   0   0  10  51  51  51  51  51  51  10   0   0 153 255
255 153   0   0   0   0   0   0   0   0   0   0   0   0 153 255
255 153   0   0   0   0   0   0   0   0   0   0   0   0 153 255
255 214 153 153 153 153 153 153 153 153 153 153 153 153 214 255
255 255 255 255 255 255 255 255 255 255 255 255 255 255 255 255
255 255 255 255 255 255 255 255 255 255 255 255 255 255 255 255
255 214 153 153 153 153 153 153 153 153 153 153 153 153 214 255
255 153   0   0   0   0   0   0   0   0   0   0   0   0 153 255
255 153   0   0   0   0   0   0   0   0   0   0   0   0 153 255
255 153   0   0  10  51  51  51  51  51  51  10   0   0 153 255
255 153   0   0  51 221 219 225 241 221 216  51   0   0 153 255
255 153   0   0  51 192 161 146 184 167 186  51   0   0 153 255
255 153   0   0  51 236 172 171 171 172 234  51   0   0 153 255
255 153   0   0  51 250 122 131 132 123 249  51   0   0 153 255
255 153   0   0  51 198 176 255 255 183 193  51   0   0 153 255
255 153   0   0  51 218 128 138 138 129 215  51   0   0 153 255
255 153   0   0  10  51  51  51  51  51  51  10   0   0 153 255
255 153   0   0   0   0   0   0   0   0   0   0   0   0 153 255
255 153   0   0   0   0   0   0   0   0   0   0   0   0 153 255
255 214 153 153 153 153 153 153 153 153 153 153 153 153 214 255
255 255 255 255 255 255 255 255 255 255 255 255 255 255 255 255
255 255 255 255 255 255 255 255 255 255 255 255 255 255 255 255
255 214 153 153 153 153 153 153 153 153 153 153 153 153 214 255
255 153   0   0   0   0   0   0   0   0   0   0   0   0 153 255
255 153   0   0   0   0   0   0   0   0   0   0   0   0 153 255
255 153   0   0  10  51  51  51  51  51  51  10   0   0 153 255
255 153   0   0  51 221 219 225 241 221 216  51   0   0 153 255
255 153   0   0  51 192 161 146 184 167 186  51   0   0 153 255
255 153   0   0  51 236 172 171 171 172 234  51   0   0 153 255
255 153   0   0  51 250 122 131 132 123 249  51   0   0 153 255
255 153   0   0  51 198 176 255 255 183 193  51   0   0 153 255
255 153   0   0  51 218 128 138 138 129 215  51   0   0 153 255
255 153   0   0  10  51  51  51  51  51  51  10   0   0 153 255
255 153   0   0   0   0   0   0   0   0   0   0   0   0 153 255
255 153   0   0   0   0   0   0   0   0   0   0   0   0 153 255
255 214 153 153 153 153 153 153 153 153 153 153 153 153 214 255
255 255 255 255 255 255 255 255 255 255 255 255 255 255 255 255

255 255 255 255 255 255 255 255 255 255 255 255 255 255 255 255
255 214 153 153 153 153 153 153 153 153 153 153 153 153 214 255
255 153   0   0   0   0   0   0   0   0   0   0   0   0 153 255
255 153   0   0   0   0   0   0   0   0   0   0   0   0 153 255
255 153   0   0  10  51  51  51  51  51  51  10   0   0 153 255
255 153   0   0  51 216 186 234 249 193 215  51   0   0 153 255
255 153   0   0  51 221 167 172 123 183 129  51   0   0 153 255
255 153   0   0  51 241 184 171 132 255 138  51   0   0 153 255
255 153   0   0  51 225 146 171 131 255 138  51   0   0 153 255
255 153   0   0  51 219 161 172 122 176 128  51   0   0 153 255
255 153   0   0  51 221 192 236 250 198 218  51   0   0 153 255
255 153   0   0  10  51  51  51  51  51  51  10   0   0 153 255
255 153   0   0   0   0   0   0   0   0   0   0   0   0 153 255
255 153   0   0   0   0   0   0   0   0   0   0   0   0 153 255
255 214 153 153 153 153 153 153 153 153 153 153 153 153 214 255
255 255 255 255 255 255 255 255 255 255 255 255 255 255 255 255
255 255 255 255 255 255 255 255 255 255 255 255 255 255 255 255
255 214 153 153 153 153 153 153 153 153 153 153 153 153 214 255
255 153   0   0   0   0   0   0   0   0   0   0   0   0 153 255
255 153   0   0   0   0   0   0   0   0   0   0   0   0 153 255
255 153   0   0  10  51  51  51  51  51  51  10   0   0 153 255
255 153   0   0  51 216 186 234 249 193 215  51   0   0 153 255
255 153   0   0  51 221 167 172 123 183 129  51   0   0 153 255
255 153   0   0  51 241 184 171 132 255 138  51   0   0 153 255
255 153   0   0  51 225 146 171 131 255 138  51   0   0 153 255
255 153   0   0  51 219 161 172 122 176 128  51   0   0 153 255
255 153   0   0  51 221 192 236 250 198 218  51   0   0 153 255
255 153   0   0  10  51  51  51  51  51  51  10   0   0 153 255
255 153   0   0   0   0   0   0   0   0   0   0   0   0 153 255
255 153   0   0   0   0   0   0   0   0   0   0   0   0 153 255
255 214 153 153 153 153 153 153 153 153 153 153 153 153 214 255
255 255 255 255 255 255 255 255 255 255 255 255 255 255 255 255
255 255 255 255 255 255 255 255 255 255 255 255 255 255 255 255
255 214 153 153 153 153 153 153 153 153 153 153 153 153 214 255
255 153   0   0   0   0   0   0   0   0   0   0   0   0 153 255
255 153   0   0   0   0   0   0   0   0   0   0   0   0 153 255
255 153   0   0  10  51  51  51  51  51  51  10   0   0 153 255
255 153   0   0  51 216 186 234 249 193 215  51   0   0 153 255
255 153   0   0  51 221 167 172 123 183 129  51   0   0 153 255
255 153   0   0  51 241 184 171 132 255 138  51   0   0 153 255
255 153   0   0  51 225 146 171 131 255 138  51   0   0 153 255
255 153   0   0  51 219 161 172 122 176 128  51   0   0 153 255
255 153   0   0  51 221 192 236 250 198 218  51   0   0 153 255
255 153   0   0  10  51  51  51  51  51  51  10   0   0 153 255
255 153   0   0   0   0   0   0   0   0   0   0   0   0 153 255
255 153   0   0   0   0   0   0   0   0   0   0   0   0 153 255
255 214 153 153 153 153 153 153 153 153 153 153 153 153 214 255
255 255 255 255 255 255 255 255 255 255 255 255 255 255 255 255

255 255 255 255 255 255 255 255 255 255 255 255 255 255 255 255
255 214 153 153 153 153 153 153 153 153 153 153 153 153 214 255
255 153   0   0   0   0   0   0   0   0   0   0   0   0 153 255
255 153   0   0   0   0   0   0   0   0   0   0   0   0 153 255
255 153   0   0  10  51  51  51  51  51  51  10   0   0 153 255
255 153   0   0  51 215 129 138 138 128 218  51   0   0 153 255
255 153   0   0  51 193 183 255 255 176 198  51   0   0 153 255
255 153   0   0  51 249 123 132 131 122 250  51   0   0 153 255
255 153   0   0  51 234 172 171 171 172 236  51   0   0 153 255
255 153   0   0  51 186 167 184 146 161 192  51   0   0 153 255
255 153   0   0  51 216 221 241 225 219 221  51   0   0 153 255
255 153   0   0  10  51  51  51  51  51  51  10   0   0 153 255
255 153   0   0   0   0   0   0   0   0   0   0   0   0 153 255
255 153   0   0   0   0   0   0   0   0   0   0   0   0 153 255
255 214 153 153 153 153 153 153 153 153 153 153 153 153 214 255
255 255 255 255 255 255 255 255 255 255 255 255 255 255 255 255
255 255 255 255 255 255 255 255 255 255 255 255 255 255 255 255
255 214 153 153 153 153 153 153 153 153 153 153 153 153 214 255
255 153   0   0   0   0   0   0   0   0   0   0   0   0 153 255
255 153   0   0   0   0   0   0   0   0   0   0   0   0 153 255
255 153   0   0  10  51  51  51  51  51  51  10   0   0 153 255
255 153   0   0  51 215 129 138 138 128 218  51   0   0 153 255
255 153   0   0  51 193 183 255 255 176 198  51   0   0 153 255
255 153   0   0  51 249 123 132 131 122 250  51   0   0 153 255
255 153   0   0  51 234 172 171 171 172 236  51   0   0 153 255
255 153   0   0  51 186 167 184 146 161 192  51   0   0 153 255
255 153   0   0  51 216 221 241 225 219 221  51   0   0 153 255
255 153   0   0  10  51  51  51  51  51  51  10   0   0 153 255
255 153   0   0   0   0   0   0   0   0   0   0   0   0 153 255
255 153   0   0   0   0   0   0   0   0   0   0   0   0 153 255
255 214 153 153 153 153 153 153 153 153 153 153 153 153 214 255
255 255 255 255 255 255 255 255 255 255 255 255 255 255 255 255
255 255 255 255 255 255 255 255 255 255 255 255 255 255 255 255
255 214 153 153 153 153 153 153 153 153 153 153 153 153 214 255
255 153   0   0   0   0   0   0   0   0   0   0   0   0 153 255
255 153   0   0   0   0   0   0   0   0   0   0   0   0 153 255
255 153   0   0  10  51  51  51  51  51  51  10   0   0 153 255
255 153   0   0  51 215 129 138 138 128 218  51   0   0 153 255
255 153   0   0  51 193 183 255 255 176 198  51   0   0 153 255
255 153   0   0  51 249 123 132 131 122 250  51   0   0 153 255
255 153   0   0  51 234 172 171 171 172 236  51   0   0 153 255
255 153   0   0  51 186 167 184 146 161 192  51   0   0 153 255
255 153   0   0  51 216 221 241 225 219 221  51   0   0 153 255
255 153   0   0  10  51  51  51  51  51  51  10   0   0 153 255
255 153   0   0   0   0   0   0   0   0   0   0   0   0 153 255
255 153   0   0   0   0   0   0   0   0   0   0   0   0 153 255
255 214 153 153 153 153 153 153 153 153 153 153 153 153 214 255
255 255 255 255 255 255 255 255 255 255 255 255 255 255 255 255
